# name: debug
# type: sparse matrix
# nnz: 36
# rows: 6
# columns: 6

1 1 105344.758
2 1 1909.36821
3 1 11435.2462
4 1 15.6080806
5 1 64613.0949
6 1 4276.36945
1 2 1909.36821
2 2 113485.332
3 2 14228.1923
4 2 -64653.1745
5 2 -109.88235
6 2 -18747.1502
1 3 11435.2462
2 3 14228.1923
3 3 18472.2533
4 3 -4295.69863
5 3 18711.6015
6 3 1.07947251
1 4 15.6080806
2 4 -64653.1745
3 4 -4295.69863
4 4 294741.592
5 4 251770.96
6 4 96297.5612
1 5 64613.0949
2 5 -109.88235
3 5 18711.6015
4 5 251770.96
5 5 221673.031
6 5 -45249.769
1 6 4276.36945
2 6 -18747.1502
3 6 1.07947251
4 6 96297.5612
5 6 -45249.769
6 6 19513.9391
