%YAML:1.0
---
calibration_time: "Mi 31 Mai 2017 18:33:14 CEST"
image_width: 640
image_height: 480
board_width: 9
board_height: 6
square_size: 2.8999999165534973e-02
aspectRatio: 1.
flags: 2
camera_matrix: !!opencv-matrix
   rows: 3
   cols: 3
   dt: d
   data: [ 6.4431399761144166e+02, 0., 2.6953033267491969e+02, 0.,
       6.4431399761144166e+02, 1.8569498174339131e+02, 0., 0., 1. ]
distortion_coefficients: !!opencv-matrix
   rows: 5
   cols: 1
   dt: d
   data: [ -5.0643980136360775e-02, -6.6721761683181322e-02,
       -2.3530126352297811e-02, -5.6417235855101043e-03,
       -1.8724072607298075e+00 ]
avg_reprojection_error: 4.3002396910638180e-01
